   Columns 1 through 10:
   9.7782e-01   9.2371e-01   8.3398e-01   7.3973e-01   6.5417e-01   6.2094e-01   5.5870e-01   4.9938e-01   4.3997e-01   3.7496e-01
   9.2371e-01   1.8865e+00   1.6893e+00   1.5053e+00   1.3355e+00   1.2445e+00   1.1457e+00   9.6784e-01   8.5877e-01   7.7235e-01
   8.3398e-01   1.6893e+00   2.5697e+00   2.3059e+00   2.0625e+00   1.8789e+00   1.7261e+00   1.5287e+00   1.3914e+00   1.2533e+00
   7.3973e-01   1.5053e+00   2.3059e+00   3.0381e+00   2.7287e+00   2.4583e+00   2.2787e+00   2.0015e+00   1.8281e+00   1.6214e+00
   6.5417e-01   1.3355e+00   2.0625e+00   2.7287e+00   3.4420e+00   3.0815e+00   2.7969e+00   2.4612e+00   2.2494e+00   1.9599e+00
   6.2094e-01   1.2445e+00   1.8789e+00   2.4583e+00   3.0815e+00   3.7395e+00   3.3652e+00   2.9516e+00   2.6698e+00   2.3464e+00
   5.5870e-01   1.1457e+00   1.7261e+00   2.2787e+00   2.7969e+00   3.3652e+00   4.0182e+00   3.5515e+00   3.2134e+00   2.8678e+00
   4.9938e-01   9.6784e-01   1.5287e+00   2.0015e+00   2.4612e+00   2.9516e+00   3.5515e+00   4.1934e+00   3.8258e+00   3.4113e+00
   4.3997e-01   8.5877e-01   1.3914e+00   1.8281e+00   2.2494e+00   2.6698e+00   3.2134e+00   3.8258e+00   4.5095e+00   4.0023e+00
   3.7496e-01   7.7235e-01   1.2533e+00   1.6214e+00   1.9599e+00   2.3464e+00   2.8678e+00   3.4113e+00   4.0023e+00   4.5418e+00
   3.5783e-01   6.8223e-01   1.1080e+00   1.4512e+00   1.7493e+00   2.0943e+00   2.5942e+00   3.1089e+00   3.6841e+00   4.1617e+00
   3.0851e-01   6.2708e-01   1.0011e+00   1.3383e+00   1.5994e+00   1.8685e+00   2.3297e+00   2.8233e+00   3.3247e+00   3.7666e+00
   2.6067e-01   5.4670e-01   8.9011e-01   1.1828e+00   1.3941e+00   1.5737e+00   2.0111e+00   2.5239e+00   2.9623e+00   3.3266e+00
   2.0742e-01   4.6279e-01   7.5794e-01   1.0188e+00   1.1666e+00   1.3138e+00   1.7408e+00   2.2264e+00   2.5910e+00   2.9363e+00
   1.7252e-01   3.8477e-01   6.3236e-01   8.8311e-01   1.0012e+00   1.1305e+00   1.5655e+00   2.0150e+00   2.3317e+00   2.6584e+00
   1.2997e-01   3.0705e-01   5.2282e-01   7.1900e-01   8.7170e-01   9.8066e-01   1.3666e+00   1.7824e+00   2.0951e+00   2.4203e+00
   8.9841e-02   2.6038e-01   4.3866e-01   6.1791e-01   7.3465e-01   8.0839e-01   1.1522e+00   1.4899e+00   1.7897e+00   2.0759e+00
   9.6707e-02   2.4753e-01   3.8061e-01   5.3975e-01   6.4497e-01   6.9059e-01   9.9093e-01   1.3315e+00   1.6448e+00   1.9165e+00
   1.1279e-01   2.5773e-01   3.5277e-01   5.0588e-01   6.0410e-01   6.4229e-01   9.2891e-01   1.2148e+00   1.4751e+00   1.7101e+00
   1.2501e-01   2.3343e-01   3.2486e-01   4.7394e-01   5.3545e-01   5.6745e-01   8.2170e-01   1.0852e+00   1.3068e+00   1.5243e+00
   1.1840e-01   2.2493e-01   3.1166e-01   4.0973e-01   4.6399e-01   4.9554e-01   7.4796e-01   9.9815e-01   1.2129e+00   1.4198e+00
   1.1481e-01   1.9309e-01   2.5356e-01   3.4273e-01   4.2245e-01   4.6709e-01   7.0952e-01   8.9651e-01   1.0831e+00   1.2861e+00
   1.2673e-01   2.1778e-01   2.7351e-01   3.4601e-01   4.0060e-01   4.6361e-01   6.4314e-01   8.0695e-01   9.9012e-01   1.1741e+00
   1.3476e-01   2.2332e-01   2.9836e-01   3.4654e-01   4.1651e-01   4.9052e-01   6.5082e-01   7.9946e-01   9.8800e-01   1.1258e+00
   9.8001e-02   1.7727e-01   2.1880e-01   2.8371e-01   3.6080e-01   4.6684e-01   6.2507e-01   7.5319e-01   8.8734e-01   1.0024e+00
   8.6497e-02   1.1239e-01   1.3709e-01   2.1228e-01   2.9646e-01   4.0318e-01   5.2079e-01   6.4494e-01   7.8994e-01   8.9768e-01
   6.7689e-02   5.1229e-02   9.0655e-02   2.0257e-01   3.0230e-01   3.6941e-01   4.2065e-01   5.7412e-01   7.5699e-01   8.6431e-01
   6.2453e-02   4.7964e-03   5.5617e-02   1.8567e-01   2.7384e-01   3.5516e-01   3.6957e-01   4.8068e-01   6.6277e-01   8.3089e-01
   6.7151e-02  -2.3227e-02   1.5089e-02   1.1406e-01   2.1523e-01   2.7157e-01   2.5700e-01   3.8929e-01   5.8099e-01   7.3999e-01
   5.7553e-02  -3.7268e-02  -2.7360e-02   5.1447e-02   1.6949e-01   2.2841e-01   1.7698e-01   3.1141e-01   4.7673e-01   6.0564e-01
   1.1009e-01  -3.4103e-03  -1.3125e-02   1.0449e-01   2.2756e-01   3.2867e-01   2.8149e-01   3.9334e-01   5.3534e-01   6.3738e-01
   1.2738e-01   2.4411e-02  -1.0483e-02   4.5932e-02   1.4335e-01   2.6958e-01   2.2005e-01   3.2318e-01   4.8772e-01   5.8230e-01
   1.1101e-01   3.4121e-02   3.3223e-02   8.1282e-02   1.7002e-01   3.4216e-01   3.0740e-01   3.7800e-01   5.1772e-01   5.6456e-01
   9.9455e-02   3.2514e-02   1.5069e-02   3.1989e-02   7.6734e-02   2.4092e-01   1.9645e-01   2.5450e-01   4.0495e-01   4.9285e-01
   9.4121e-02   5.1555e-03  -2.6026e-02   4.6726e-03   5.5836e-02   1.9988e-01   9.3443e-02   1.6305e-01   2.9585e-01   3.9354e-01
   1.0272e-01   1.2359e-02  -3.4909e-02  -2.9957e-02   1.6315e-02   1.2274e-01   1.4078e-02   7.2558e-02   2.1501e-01   3.2559e-01
   6.0405e-02   4.6616e-03   6.2624e-03   9.9540e-03   5.2576e-02   1.2845e-01   3.4883e-02   9.5180e-02   1.9784e-01   3.1058e-01
   7.4751e-02   3.1173e-02  -1.3386e-03   1.8646e-02   7.4506e-02   1.6583e-01   1.0898e-01   1.3108e-01   2.1354e-01   3.2254e-01
   1.0185e-01   7.3185e-02   5.0166e-02   1.0045e-01   1.2672e-01   1.8941e-01   1.0046e-01   1.0512e-01   1.9127e-01   3.1359e-01
   1.0353e-01   6.3199e-02   4.0732e-02   7.8903e-02   9.6177e-02   1.2900e-01   8.4497e-02   4.3340e-02   8.7856e-02   2.0469e-01
   8.6525e-02   6.7435e-02   6.3793e-02   7.1503e-02   3.3538e-02   8.0491e-02   3.7517e-02  -2.4894e-02   6.2981e-03   9.7896e-02
   5.1996e-02   2.4618e-02   2.9830e-02   6.7334e-02   1.1306e-02   7.9304e-02   3.6298e-02  -1.0777e-02   2.9194e-02   1.3931e-01
   2.9912e-02  -3.0423e-03  -6.4460e-03   4.5691e-02  -4.5526e-03   3.5519e-02  -5.3627e-02  -7.8509e-02  -2.6263e-02   6.5028e-02
   6.4677e-02   4.1835e-02   5.1031e-02   9.1740e-02   8.2846e-02   1.2473e-01   1.0256e-02  -5.1088e-02  -3.2359e-03   6.5484e-02
   3.8822e-02  -4.8371e-03   5.6848e-02   7.1515e-02   7.9069e-02   7.8653e-02   4.1854e-03  -2.4273e-02   3.5137e-02   9.6338e-02
   3.6796e-03  -3.3340e-02   1.1832e-02   2.2508e-02   2.5927e-02   1.7996e-02  -3.6299e-02  -5.7232e-02  -2.6750e-03   6.5783e-02
   2.3748e-02  -3.7125e-03   4.7554e-02   3.2071e-02  -1.4330e-02  -1.9740e-02  -4.2824e-02  -8.2029e-02  -3.5245e-02   5.3930e-02
   5.4962e-03  -5.1675e-02  -6.0151e-02  -2.9138e-02  -6.6359e-02  -6.9182e-02  -9.2876e-02  -1.2473e-01  -1.0946e-01  -8.3774e-03
  -1.1707e-02  -7.9476e-02  -6.1474e-02  -5.6413e-02  -4.8832e-02  -4.5877e-02  -1.2471e-01  -1.5666e-01  -1.4693e-01   2.3885e-02
  -1.6264e-03  -5.9040e-02  -5.0672e-02  -7.8195e-02  -5.0919e-02  -2.2842e-02  -9.6412e-02  -1.7298e-01  -1.2679e-01   3.7909e-02
   1.3084e-02  -2.4064e-02  -1.9112e-02  -3.4009e-02  -3.5025e-03   4.8319e-02  -2.1619e-02  -7.7597e-02  -3.0175e-02   1.0771e-01
  -7.4932e-03  -5.4979e-02  -1.5234e-02  -2.8345e-02  -2.9633e-02   1.1499e-02  -6.9276e-02  -1.4258e-01  -1.0281e-01   6.7314e-02
  -2.0828e-02  -5.1884e-02  -1.8659e-02  -5.5242e-02  -7.9586e-02  -3.9057e-02  -9.7093e-02  -1.7822e-01  -9.3709e-02   3.5498e-02
  -1.9502e-03   5.5696e-03   3.5170e-02   2.0319e-03  -5.6871e-03   1.7575e-02  -8.9793e-02  -1.4779e-01  -3.0956e-02   9.9287e-02
   4.2070e-03  -1.1813e-02   1.1873e-02  -2.9688e-02  -4.9923e-02  -1.4204e-02  -8.4886e-02  -1.6138e-01  -7.1873e-02   4.3168e-02
  -6.7502e-03   1.3050e-02   1.6554e-02   1.6540e-02  -1.8400e-03  -5.8766e-03  -1.0752e-01  -1.4916e-01  -8.3630e-02   3.6503e-02
   1.9004e-02   4.1593e-02   2.1135e-02   4.1091e-02   6.6311e-03  -2.7424e-02  -8.0747e-02  -1.1198e-01  -5.3757e-02   7.7611e-02
   9.8096e-03   3.4933e-02   1.5188e-02  -3.7219e-03  -2.2907e-02  -4.8094e-02  -9.6415e-02  -7.9897e-02  -2.1895e-02   9.2606e-02
   2.8702e-02   6.0475e-02   6.7503e-02   8.2223e-02   4.1789e-02   1.6513e-02  -1.6532e-02  -2.4110e-02   3.5303e-02   1.4562e-01
   1.6167e-02   3.6226e-02   5.6378e-02   1.0958e-01   1.0069e-01   5.1771e-02   5.2317e-02   1.9475e-02   6.2418e-02   1.8052e-01
  -7.9737e-03   2.1186e-02   4.6173e-02   6.1976e-02   1.9364e-02  -2.7314e-02  -2.7471e-03  -3.2581e-02  -3.9104e-03   1.0722e-01
   1.5001e-02   1.3309e-02   4.6969e-02   3.0806e-02  -8.2626e-04  -5.2751e-02  -7.8687e-02  -8.9780e-02  -5.9059e-02   5.2568e-02
  -1.1901e-02  -3.1434e-02  -2.3010e-02  -6.6386e-02  -1.3713e-01  -1.8180e-01  -1.6507e-01  -1.4769e-01  -9.7788e-02  -1.0156e-02
   2.1701e-02   3.5188e-02   3.4416e-02   9.0188e-03  -4.9768e-02  -1.0399e-01  -7.8308e-02  -1.1443e-01  -3.9708e-02   8.1375e-02
   3.2646e-02   5.5856e-02   4.0351e-02   2.3269e-02  -2.7547e-02  -3.5661e-02  -1.2627e-02  -7.7564e-02  -4.9750e-03   7.8470e-02
  -2.5261e-03  -2.9033e-02  -1.2401e-02  -5.9924e-02  -1.0816e-01  -1.2999e-01  -1.2572e-01  -1.7248e-01  -1.0797e-01  -1.8593e-03
  -8.3996e-04  -1.6924e-02  -1.9893e-02  -4.4852e-02  -8.1138e-02  -7.8027e-02  -8.5136e-02  -1.1695e-01  -6.9686e-02   3.0467e-02
  -1.4337e-02  -4.7019e-02  -4.8173e-02  -5.0010e-02  -7.5746e-02  -5.8017e-02  -8.7964e-02  -1.2736e-01  -1.3188e-01  -4.2554e-02
  -1.0841e-02  -1.7856e-02  -4.2013e-02  -6.1314e-02  -7.3182e-02  -4.0776e-02  -9.9447e-02  -1.3269e-01  -1.3202e-01  -4.2339e-02
   2.9844e-02   4.0490e-02   1.3695e-02   1.2965e-02   1.6998e-02   4.4898e-02  -3.0354e-02  -8.2376e-02  -8.2471e-02  -7.3438e-03
   3.9948e-02   7.3915e-02   2.7881e-02   2.4509e-02   6.0811e-02   7.2696e-02  -9.0424e-03  -4.9242e-02   1.1297e-03   7.5751e-02
   1.9180e-02   4.0548e-02   3.4144e-02   3.1268e-02   4.8979e-02   8.2264e-02   1.3728e-02  -3.2819e-02   2.8343e-02   3.9981e-02
  -1.0712e-03   2.3464e-02   5.4087e-02   4.3501e-02   8.6750e-02   1.2171e-01   7.5680e-02  -1.8889e-02   3.3662e-02   4.2910e-02
   8.9242e-03   7.2670e-03   2.5558e-02   2.7352e-02   7.0545e-02   1.2217e-01   7.9776e-02  -3.6939e-03   3.6092e-02   1.4188e-02
   3.0483e-02   2.1106e-02  -3.6721e-03  -1.6993e-02   2.9501e-02   8.9122e-02   6.9150e-02   2.0465e-02   8.6483e-02   7.6749e-02
   2.5330e-02   1.1193e-02   2.4021e-02   9.2925e-03   3.1865e-02   1.2802e-01   1.2445e-01   6.5923e-02   9.1246e-02   7.9894e-02
   6.9812e-02   6.3934e-02   5.4572e-02   3.8495e-02   5.4108e-02   1.6568e-01   1.4662e-01   1.0150e-01   1.1587e-01   9.3144e-02
   5.1201e-02   4.5900e-02   6.0472e-02   4.2104e-02   3.6466e-02   1.7342e-01   1.6054e-01   1.0072e-01   1.2529e-01   1.1522e-01
   6.5288e-03   1.1132e-02   3.9471e-02   3.5423e-02   1.5771e-02   1.3027e-01   1.2626e-01   7.3542e-02   9.6932e-02   7.0926e-02
   5.3863e-03   8.7974e-02   7.7449e-02   9.2401e-02   3.7849e-02   1.3816e-01   1.4426e-01   1.0685e-01   1.2373e-01   7.6190e-02
  -2.7116e-02   3.2594e-02  -9.8697e-04   5.4110e-02   3.3472e-02   1.0287e-01   9.8055e-02   6.9636e-02   1.0505e-01   8.5000e-02
   2.9885e-03   1.9332e-02  -1.2118e-02   3.7838e-02   3.4002e-02   5.2003e-02   5.6885e-02   5.1760e-02   8.7940e-02   5.7638e-02
  -2.4205e-02   3.9756e-02   6.5608e-03   7.2372e-02   9.7221e-02   1.3528e-01   1.2060e-01   9.9032e-02   1.1670e-01   6.0225e-02
  -3.7507e-02   1.8125e-02  -8.4124e-03   5.2900e-02   4.8485e-02   8.5465e-02   6.5555e-02   5.7997e-02   7.9306e-02   4.8836e-02
  -2.1415e-02  -7.6381e-03   1.3293e-02   8.4605e-02   5.1867e-02   6.6088e-02   6.1940e-02   8.6364e-02   1.2838e-01   8.1145e-02
   1.6126e-03  -2.0645e-02  -9.1059e-03   5.4170e-02   5.2454e-02   4.9578e-02   4.6822e-02   6.2213e-02   1.3632e-01   1.1397e-01
   5.0815e-03  -2.1140e-02  -2.8631e-02   3.4793e-02   7.7449e-02   8.3359e-02   9.5644e-02   1.1923e-01   2.1085e-01   1.4523e-01
   2.5505e-02  -6.1756e-03  -3.1581e-02   3.1230e-02   5.0666e-02   4.9967e-02   4.7688e-02   8.8383e-02   1.7964e-01   1.6118e-01
  -1.6456e-02  -4.0982e-02  -5.3223e-02  -3.3370e-02  -1.6534e-02  -1.5651e-02  -1.0623e-02   3.6397e-02   8.5749e-02   8.1676e-02
  -1.1791e-02  -4.2447e-02  -6.3369e-02  -1.0018e-01  -5.7050e-02  -3.4336e-02  -8.2041e-02  -1.7115e-02   5.9053e-02   6.8476e-02
  -4.2521e-02  -8.4721e-02  -1.2870e-01  -1.6089e-01  -1.3932e-01  -1.1635e-01  -1.3157e-01  -7.8602e-02   3.1435e-02   5.8041e-02
  -5.2170e-02  -6.5103e-02  -1.1067e-01  -1.3260e-01  -1.1336e-01  -1.0404e-01  -1.2893e-01  -1.0833e-01  -3.5687e-03   4.8544e-02
  -6.8059e-02  -3.2587e-02  -6.9703e-02  -5.2251e-02  -4.2889e-02  -1.8260e-02  -6.2077e-02  -1.1117e-01  -1.8106e-02   4.6672e-02
  -5.6550e-02  -2.5116e-02  -7.6412e-02  -8.7754e-02  -3.5747e-02   5.5268e-03  -2.3733e-02  -9.7703e-02  -4.3213e-02  -3.0310e-04
  -5.9186e-02  -5.8022e-02  -6.9566e-02  -7.4761e-02  -5.6306e-02  -5.7344e-02  -8.6496e-02  -1.4598e-01  -8.9231e-02  -5.7049e-02
  -4.9976e-02  -6.3053e-02  -6.5965e-02  -4.4020e-02  -4.3797e-02  -5.4133e-02  -6.3567e-02  -1.0288e-01  -6.6052e-02  -3.1473e-02
  -3.8998e-02  -8.8791e-02  -7.9139e-02  -7.2582e-02  -9.1947e-02  -9.9685e-02  -9.0397e-02  -1.2012e-01  -8.9469e-02  -3.5077e-02
  -4.9095e-02  -9.5453e-02  -5.4787e-02  -5.0642e-02  -4.9981e-02  -7.3560e-02  -6.5880e-02  -1.3658e-01  -1.2526e-01  -1.0028e-01
  -7.7483e-02  -1.5295e-01  -1.0688e-01  -9.7007e-02  -1.1896e-01  -1.4594e-01  -1.5658e-01  -1.7770e-01  -1.9766e-01  -1.7742e-01
  -8.2494e-02  -1.1818e-01  -9.5238e-02  -6.4534e-02  -1.4163e-01  -1.1801e-01  -1.5229e-01  -1.8506e-01  -2.0876e-01  -1.5233e-01
  -7.2320e-02  -9.4820e-02  -6.3605e-02  -4.6357e-02  -1.2168e-01  -1.2361e-01  -1.9885e-01  -2.4351e-01  -2.7127e-01  -2.2734e-01
  -8.0933e-02  -1.2342e-01  -8.5076e-02  -9.3162e-02  -1.3159e-01  -1.1561e-01  -1.9726e-01  -2.2435e-01  -2.2962e-01  -1.5709e-01
  -7.8546e-02  -1.5836e-01  -9.4907e-02  -1.2079e-01  -1.4299e-01  -1.2370e-01  -1.5711e-01  -1.6501e-01  -2.1775e-01  -1.8635e-01
  -5.7893e-02  -1.2211e-01  -5.5715e-04   1.2704e-02  -2.5470e-02  -8.8009e-03  -6.4055e-02  -8.6483e-02  -1.4496e-01  -7.9672e-02
  -5.1918e-02  -1.1704e-01   4.5621e-02   1.5990e-02  -1.8037e-02   3.1772e-02  -1.5228e-02  -1.2749e-02  -4.5168e-02   8.2280e-03
  -8.3641e-02  -1.7389e-01  -3.6853e-04   1.5805e-02   2.8825e-02   6.3021e-02   1.2887e-02  -6.4666e-03  -4.4646e-02   8.2693e-03
  -9.1832e-02  -1.6697e-01  -5.5666e-04   1.2250e-02   2.4850e-02   8.1254e-02   4.5781e-02   3.0772e-02  -8.3270e-03   4.7054e-02
  -3.6987e-02  -1.0406e-01   2.8092e-02   5.9963e-02   7.7500e-02   1.6572e-01   9.7844e-02   6.3211e-02   2.4394e-02   8.9378e-02
  -6.0488e-02  -1.3595e-01  -3.3175e-02  -2.7354e-02  -3.8536e-02   7.6144e-02  -1.8620e-02  -3.2004e-02  -6.2796e-02   4.1461e-02
  -4.6168e-02  -1.3939e-01  -2.0270e-02  -5.8571e-02  -5.2882e-02   4.8805e-02  -3.1628e-02  -7.2047e-02  -1.2388e-01  -1.7997e-02
  -2.9065e-02  -1.1598e-01  -1.1531e-02  -3.1963e-02  -2.5285e-02   6.2832e-02   2.7381e-02  -2.8524e-02  -6.3074e-02   3.8870e-02
  -2.0164e-02  -1.1451e-01  -2.0350e-02  -9.0452e-03   1.4785e-02   1.1738e-01   9.1834e-02   3.0240e-02  -2.4938e-02   1.5091e-02
  -1.2744e-02  -8.3373e-02  -2.3158e-02  -3.0685e-03  -1.7445e-02   5.6969e-02   2.5845e-02  -6.7835e-03  -9.6060e-02  -6.5678e-02
  -4.3534e-02  -1.5335e-01  -8.7295e-02  -6.5120e-02  -8.0200e-02   2.4952e-03   7.2825e-03  -2.8741e-03  -9.1953e-02  -8.6469e-02
  -1.0102e-01  -1.6730e-01  -1.1024e-01  -1.3526e-01  -1.4945e-01  -2.5872e-02  -5.7927e-02  -6.7216e-02  -1.4164e-01  -1.3219e-01
  -1.3678e-01  -1.8419e-01  -1.4821e-01  -1.6448e-01  -1.7872e-01  -1.8809e-02  -5.4914e-02  -5.0004e-02  -9.7494e-02  -9.2807e-02
  -1.5844e-01  -1.7983e-01  -1.6308e-01  -1.8423e-01  -2.2774e-01  -7.8670e-02  -9.2986e-02  -1.1706e-01  -1.1365e-01  -8.3844e-02
  -1.3756e-01  -1.4836e-01  -1.3482e-01  -1.8923e-01  -2.5985e-01  -1.4179e-01  -1.6001e-01  -1.7314e-01  -1.7898e-01  -1.5987e-01
  -1.4819e-01  -1.6640e-01  -1.5462e-01  -2.3457e-01  -2.8225e-01  -1.9419e-01  -1.8417e-01  -2.0577e-01  -2.2083e-01  -2.2153e-01
  -1.4979e-01  -1.8787e-01  -1.7540e-01  -1.9110e-01  -2.2146e-01  -1.3921e-01  -1.2817e-01  -1.8037e-01  -1.8923e-01  -1.6294e-01
  -1.3283e-01  -1.6095e-01  -1.3384e-01  -1.0799e-01  -1.6323e-01  -9.0779e-02  -1.2730e-01  -1.6468e-01  -1.9256e-01  -1.6130e-01
  -1.2085e-01  -1.0666e-01  -4.2522e-02   1.2712e-03  -7.0000e-02  -3.3538e-03  -5.7754e-02  -5.3131e-02  -1.1582e-01  -8.6122e-02
  -1.2394e-01  -1.2997e-01  -5.2517e-02   1.7405e-02  -8.3056e-02  -3.2215e-02  -6.5245e-02  -8.6368e-02  -1.4961e-01  -8.6681e-02
  -9.9278e-02  -1.3274e-01  -7.7309e-02  -1.5546e-02  -1.4319e-01  -1.2173e-01  -1.4378e-01  -1.5331e-01  -1.6849e-01  -6.6501e-02
  -9.5299e-02  -1.4637e-01  -1.0376e-01  -8.8838e-02  -1.5735e-01  -1.8389e-01  -2.1845e-01  -2.5156e-01  -2.4035e-01  -1.4506e-01
  -6.9624e-02  -1.2590e-01  -8.8403e-02  -3.5925e-02  -1.4081e-01  -1.4424e-01  -2.0088e-01  -2.2533e-01  -1.9916e-01  -1.0352e-01
  -8.4347e-02  -1.3342e-01  -6.9271e-02  -1.2590e-02  -1.2209e-01  -1.2359e-01  -1.4725e-01  -2.0836e-01  -1.4771e-01  -4.1891e-02
  -1.2986e-01  -1.6429e-01  -9.2682e-02   5.0121e-03  -9.0664e-02  -1.3253e-01  -1.3871e-01  -2.2959e-01  -1.3899e-01  -5.8070e-02

   Columns 11 through 20:

   3.5783e-01   3.0851e-01   2.6067e-01   2.0742e-01   1.7252e-01   1.2997e-01   8.9841e-02   9.6707e-02   1.1279e-01   1.2501e-01
   6.8223e-01   6.2708e-01   5.4670e-01   4.6279e-01   3.8477e-01   3.0705e-01   2.6038e-01   2.4753e-01   2.5773e-01   2.3343e-01
   1.1080e+00   1.0011e+00   8.9011e-01   7.5794e-01   6.3236e-01   5.2282e-01   4.3866e-01   3.8061e-01   3.5277e-01   3.2486e-01
   1.4512e+00   1.3383e+00   1.1828e+00   1.0188e+00   8.8311e-01   7.1900e-01   6.1791e-01   5.3975e-01   5.0588e-01   4.7394e-01
   1.7493e+00   1.5994e+00   1.3941e+00   1.1666e+00   1.0012e+00   8.7170e-01   7.3465e-01   6.4497e-01   6.0410e-01   5.3545e-01
   2.0943e+00   1.8685e+00   1.5737e+00   1.3138e+00   1.1305e+00   9.8066e-01   8.0839e-01   6.9059e-01   6.4229e-01   5.6745e-01
   2.5942e+00   2.3297e+00   2.0111e+00   1.7408e+00   1.5655e+00   1.3666e+00   1.1522e+00   9.9093e-01   9.2891e-01   8.2170e-01
   3.1089e+00   2.8233e+00   2.5239e+00   2.2264e+00   2.0150e+00   1.7824e+00   1.4899e+00   1.3315e+00   1.2148e+00   1.0852e+00
   3.6841e+00   3.3247e+00   2.9623e+00   2.5910e+00   2.3317e+00   2.0951e+00   1.7897e+00   1.6448e+00   1.4751e+00   1.3068e+00
   4.1617e+00   3.7666e+00   3.3266e+00   2.9363e+00   2.6584e+00   2.4203e+00   2.0759e+00   1.9165e+00   1.7101e+00   1.5243e+00
   4.7838e+00   4.3708e+00   3.8776e+00   3.4289e+00   3.0844e+00   2.8381e+00   2.4731e+00   2.2920e+00   2.0637e+00   1.8030e+00
   4.3708e+00   5.0598e+00   4.4839e+00   4.0004e+00   3.5916e+00   3.2724e+00   2.8558e+00   2.6003e+00   2.3549e+00   2.0920e+00
   3.8776e+00   4.4839e+00   4.9381e+00   4.3730e+00   3.9201e+00   3.6263e+00   3.1889e+00   2.8612e+00   2.5917e+00   2.3147e+00
   3.4289e+00   4.0004e+00   4.3730e+00   4.9146e+00   4.4240e+00   4.0754e+00   3.6333e+00   3.2600e+00   2.9699e+00   2.6527e+00
   3.0844e+00   3.5916e+00   3.9201e+00   4.4240e+00   4.9831e+00   4.5998e+00   4.1020e+00   3.6885e+00   3.3309e+00   2.9980e+00
   2.8381e+00   3.2724e+00   3.6263e+00   4.0754e+00   4.5998e+00   5.2700e+00   4.6716e+00   4.2219e+00   3.8237e+00   3.4792e+00
   2.4731e+00   2.8558e+00   3.1889e+00   3.6333e+00   4.1020e+00   4.6716e+00   5.1505e+00   4.6550e+00   4.2121e+00   3.8754e+00
   2.2920e+00   2.6003e+00   2.8612e+00   3.2600e+00   3.6885e+00   4.2219e+00   4.6550e+00   5.2219e+00   4.7170e+00   4.3040e+00
   2.0637e+00   2.3549e+00   2.5917e+00   2.9699e+00   3.3309e+00   3.8237e+00   4.2121e+00   4.7170e+00   5.2545e+00   4.7946e+00
   1.8030e+00   2.0920e+00   2.3147e+00   2.6527e+00   2.9980e+00   3.4792e+00   3.8754e+00   4.3040e+00   4.7946e+00   5.3896e+00
   1.6710e+00   1.9619e+00   2.1809e+00   2.4726e+00   2.7832e+00   3.2031e+00   3.5153e+00   3.8515e+00   4.2884e+00   4.8404e+00
   1.5335e+00   1.8200e+00   1.9883e+00   2.2270e+00   2.5028e+00   2.9042e+00   3.1988e+00   3.4776e+00   3.9062e+00   4.4480e+00
   1.3827e+00   1.6370e+00   1.7910e+00   2.0184e+00   2.2311e+00   2.5671e+00   2.8171e+00   3.0583e+00   3.4269e+00   3.8865e+00
   1.3219e+00   1.5501e+00   1.7182e+00   1.9038e+00   2.0502e+00   2.3703e+00   2.5812e+00   2.8088e+00   3.1244e+00   3.5077e+00
   1.1489e+00   1.3458e+00   1.5116e+00   1.6548e+00   1.8136e+00   2.1002e+00   2.2751e+00   2.4388e+00   2.7248e+00   3.0865e+00
   1.0213e+00   1.1676e+00   1.3216e+00   1.4835e+00   1.6373e+00   1.9073e+00   2.0709e+00   2.2271e+00   2.4990e+00   2.8164e+00
   9.8828e-01   1.1350e+00   1.2956e+00   1.3990e+00   1.5015e+00   1.6985e+00   1.8462e+00   1.9947e+00   2.2355e+00   2.5016e+00
   9.5553e-01   1.1093e+00   1.2551e+00   1.3670e+00   1.4413e+00   1.6613e+00   1.8145e+00   1.9319e+00   2.1274e+00   2.3449e+00
   8.1003e-01   9.0590e-01   1.0532e+00   1.1632e+00   1.2975e+00   1.4568e+00   1.6339e+00   1.7709e+00   1.9376e+00   2.1418e+00
   6.5992e-01   7.0620e-01   8.5334e-01   9.1740e-01   1.0665e+00   1.2361e+00   1.3908e+00   1.5498e+00   1.6912e+00   1.8565e+00
   6.7939e-01   7.5772e-01   8.5395e-01   8.6447e-01   9.4863e-01   1.0658e+00   1.2181e+00   1.3799e+00   1.5163e+00   1.6703e+00
   5.9981e-01   6.9063e-01   7.8982e-01   8.0505e-01   8.8984e-01   1.0054e+00   1.1009e+00   1.2494e+00   1.3620e+00   1.4817e+00
   5.4492e-01   6.5171e-01   7.6157e-01   7.5379e-01   8.1543e-01   9.0302e-01   9.7302e-01   1.1298e+00   1.2291e+00   1.3222e+00
   4.7636e-01   5.5584e-01   6.4443e-01   6.3300e-01   6.6377e-01   7.3338e-01   8.2301e-01   1.0111e+00   1.1020e+00   1.1839e+00
   3.5242e-01   4.4848e-01   5.0381e-01   4.7886e-01   5.1144e-01   5.5815e-01   6.5269e-01   8.1565e-01   9.1617e-01   9.7697e-01
   2.5959e-01   3.4381e-01   3.8589e-01   4.0431e-01   4.3093e-01   4.5797e-01   5.2928e-01   6.8070e-01   7.3851e-01   7.9839e-01
   2.8839e-01   3.5669e-01   4.1754e-01   3.8489e-01   4.2072e-01   4.5502e-01   5.4402e-01   6.7048e-01   7.0078e-01   6.8999e-01
   3.1534e-01   3.6615e-01   4.5123e-01   3.8525e-01   3.8950e-01   4.1468e-01   4.5151e-01   6.0921e-01   6.9969e-01   6.5840e-01
   3.0239e-01   3.6328e-01   4.4054e-01   3.5320e-01   3.7319e-01   4.1026e-01   4.6417e-01   5.9277e-01   6.5209e-01   6.1709e-01
   2.3879e-01   3.2511e-01   3.7953e-01   3.0182e-01   3.3996e-01   3.8715e-01   4.5091e-01   5.8229e-01   6.2435e-01   6.1109e-01
   1.3546e-01   2.4056e-01   2.7361e-01   1.8105e-01   2.4722e-01   3.5790e-01   4.2802e-01   5.2341e-01   5.9341e-01   5.7561e-01
   1.6655e-01   2.6833e-01   2.1176e-01   1.2829e-01   1.9177e-01   3.1275e-01   3.5579e-01   4.5608e-01   5.0237e-01   4.7912e-01
   8.0182e-02   1.7875e-01   1.3861e-01   4.9441e-02   8.9741e-02   1.9287e-01   2.5910e-01   3.6991e-01   3.9501e-01   3.8194e-01
   8.3299e-02   2.0872e-01   1.7915e-01   1.1331e-01   1.2706e-01   2.5714e-01   2.7444e-01   3.6006e-01   3.8585e-01   3.8412e-01
   9.0371e-02   1.9164e-01   1.4056e-01   9.3211e-02   1.0610e-01   1.9628e-01   2.2055e-01   2.9424e-01   3.4543e-01   3.6235e-01
   4.9574e-02   1.4593e-01   9.6560e-02   6.8345e-02   5.1049e-02   9.8619e-02   1.3433e-01   1.8404e-01   2.2517e-01   2.2993e-01
   6.0241e-02   1.6589e-01   1.3371e-01   6.5780e-02   2.1672e-02   4.7282e-02   4.1165e-02   1.1803e-01   1.4819e-01   1.5722e-01
   3.1448e-02   1.4777e-01   1.4807e-01   8.1531e-02   2.2671e-02   1.7603e-02  -9.5123e-03   9.4593e-02   1.1892e-01   1.5135e-01
   7.3434e-02   1.2827e-01   1.5093e-01   4.0490e-02  -8.0349e-03  -1.9142e-02  -4.3138e-02   7.0111e-02   1.0415e-01   1.0032e-01
   1.1048e-01   1.2934e-01   1.5060e-01   5.8801e-02  -4.1808e-03  -1.2385e-03  -5.7011e-02   8.4419e-02   1.1883e-01   1.1103e-01
   1.8855e-01   1.7532e-01   1.5571e-01   6.9081e-02   8.3491e-03   2.1290e-02  -2.9528e-02   1.4080e-01   1.4760e-01   1.2939e-01
   1.5573e-01   1.5997e-01   1.4731e-01   5.6192e-02   1.0701e-02  -3.3039e-02  -7.6894e-02   9.1656e-02   9.4898e-02   8.2396e-02
   1.2622e-01   1.4390e-01   1.3688e-01   2.3974e-02  -2.2127e-03  -8.9897e-03  -5.7787e-02   1.0973e-01   8.3952e-02   9.5464e-02
   1.6378e-01   1.6536e-01   1.7211e-01   6.6205e-02  -1.7853e-04   3.1179e-02  -2.0679e-02   1.2894e-01   1.7639e-01   1.7622e-01
   1.1355e-01   1.0865e-01   1.2167e-01   3.4615e-02  -1.9420e-02   1.9752e-02  -6.2985e-02   6.2866e-02   8.7542e-02   7.9689e-02
   9.7360e-02   1.2162e-01   1.3844e-01   6.5598e-02   4.8576e-03   5.3168e-02   2.8569e-02   1.4972e-01   1.3203e-01   1.1136e-01
   1.3835e-01   1.7367e-01   1.6745e-01   9.8954e-02   4.3260e-02   8.0772e-02   5.5425e-02   1.1618e-01   7.8706e-02   7.4145e-02
   1.6459e-01   2.0089e-01   2.0815e-01   9.6908e-02   4.7074e-02   7.8813e-02   4.9789e-02   9.6293e-02   6.5498e-02   8.7437e-02
   2.1454e-01   2.1647e-01   2.4234e-01   1.4554e-01   5.1816e-02   5.2576e-02   2.0791e-02   8.6107e-02   7.8960e-02   1.1250e-01
   2.6655e-01   2.0293e-01   2.6986e-01   1.5359e-01   7.9504e-02   1.0350e-01   5.9208e-02   1.3449e-01   1.6487e-01   1.8186e-01
   2.0206e-01   1.4572e-01   2.1189e-01   1.1906e-01   4.2863e-02   4.6084e-02  -7.8086e-03   1.1275e-01   1.1603e-01   1.4971e-01
   1.4070e-01   6.8469e-02   1.5194e-01   6.8206e-02   1.4380e-02   1.8787e-02  -4.9701e-02   6.3648e-02   6.5724e-02   8.0849e-02
   4.6384e-02  -1.6126e-02   5.2578e-02   2.1493e-02  -1.7621e-02  -1.7595e-02  -5.0320e-02   7.0778e-02   3.7951e-02   4.5246e-02
   1.1326e-01   3.1089e-02   7.8612e-02   3.8465e-02   2.5644e-02   1.5386e-02  -2.8777e-02   4.2881e-02   2.4485e-03  -4.6669e-03
   1.0306e-01   4.6678e-02   3.8332e-02   5.8551e-03  -1.0579e-03   6.1820e-03  -3.3562e-02  -4.1886e-03  -8.4987e-02  -7.4633e-02
   4.2376e-04  -4.4059e-02  -6.0667e-02  -8.0071e-02  -1.0342e-01  -9.3578e-02  -1.2754e-01  -1.2547e-01  -2.3348e-01  -2.1351e-01
  -5.9914e-03  -4.8306e-02  -3.4394e-02  -2.0080e-02  -8.0656e-02  -8.8985e-02  -1.1528e-01  -1.1240e-01  -2.0444e-01  -1.9885e-01
  -9.1158e-02  -1.0231e-01  -5.4083e-02  -3.3365e-02  -1.0945e-01  -1.3538e-01  -1.4967e-01  -1.5638e-01  -2.2657e-01  -1.9477e-01
  -6.4391e-02  -6.6383e-02  -3.5115e-02  -3.0799e-02  -1.2850e-01  -1.3625e-01  -1.7602e-01  -1.7991e-01  -2.2974e-01  -1.8023e-01
  -3.0061e-02  -7.2755e-02  -7.1617e-02  -6.5143e-02  -1.6453e-01  -2.1599e-01  -2.4655e-01  -2.4490e-01  -2.7612e-01  -2.1882e-01
   7.0011e-02   3.1474e-02  -1.0453e-02  -8.3831e-03  -7.9138e-02  -1.1014e-01  -1.6228e-01  -1.4754e-01  -1.9171e-01  -1.0515e-01
   5.4771e-02   2.9019e-02  -4.4289e-03   4.0627e-03  -4.9381e-02  -7.0603e-02  -1.0730e-01  -8.4902e-02  -1.5647e-01  -8.0159e-02
   1.2002e-02  -7.1934e-02  -1.1759e-01  -8.1283e-02  -8.2499e-02  -9.2322e-02  -1.3138e-01  -9.7200e-02  -1.7389e-01  -1.5895e-01
   5.4548e-03  -9.2200e-02  -7.1909e-02  -5.5743e-02  -8.9188e-02  -9.4774e-02  -1.3967e-01  -9.4358e-02  -1.6044e-01  -1.3577e-01
   7.9696e-02  -1.3885e-02   2.6239e-02   2.9138e-03  -1.9885e-02  -2.2141e-02  -4.5532e-02   3.8402e-03  -6.0215e-02  -2.7012e-02
   6.6616e-02  -4.8811e-02  -2.6584e-02  -2.3850e-02  -2.9223e-02  -2.3501e-02  -5.5492e-02  -1.1194e-02  -3.5306e-02   3.0818e-02
   9.2445e-02   5.6953e-03   1.8875e-02   4.9553e-05  -5.5369e-03  -2.4758e-03  -2.3460e-02   8.7567e-03   1.3948e-02   8.0900e-02
   1.3056e-01   3.1908e-02   3.1346e-02  -2.3509e-02  -9.8273e-02  -9.0609e-02  -9.5510e-02  -1.0469e-01  -1.4014e-01  -8.8047e-02
   7.8325e-02   2.5681e-02   3.2442e-02  -2.6262e-02  -6.4911e-02  -6.5287e-02  -8.0130e-02  -9.1082e-02  -1.0939e-01  -3.3148e-02
   6.4041e-02   4.4907e-02   6.0752e-02   1.7033e-02  -1.9003e-02  -5.3154e-02  -4.9924e-02  -6.4996e-02  -8.8471e-02  -1.9530e-03
   9.6846e-02   9.8673e-02   9.7610e-02   7.0545e-02   3.6102e-02   2.1683e-02  -7.9806e-03  -5.1158e-02  -6.6159e-02   4.1186e-02
   7.8335e-02   9.3505e-02   1.1394e-01   7.3598e-02   1.6051e-02   2.1999e-02  -1.3352e-02  -6.3872e-02  -8.7499e-02   2.6754e-02
   1.0260e-01   1.3382e-01   1.1902e-01   8.3015e-02   3.8975e-02   1.6645e-02   7.8063e-03  -4.0615e-02  -5.0864e-02   5.6879e-02
   9.6745e-02   8.8325e-02   5.8063e-02   3.8612e-02   4.3614e-03   6.9550e-03   2.4801e-03  -4.1390e-02  -8.7873e-02   2.0345e-02
   1.4214e-01   1.3940e-01   1.1406e-01   1.1484e-01   7.0186e-02   7.7269e-02   4.3702e-02   2.0071e-02  -4.4748e-02   4.0904e-02
   1.7337e-01   1.3627e-01   8.9953e-02   1.0601e-01   3.8031e-02   4.8305e-02   2.9614e-02  -1.4860e-04  -3.9076e-02   3.6146e-02
   1.9417e-01   1.4187e-01   1.1448e-01   1.2264e-01   4.2950e-02   6.6872e-02   5.4183e-02   9.1368e-03  -5.1699e-02   1.6085e-02
   1.7831e-01   1.2592e-01   1.2823e-01   1.3563e-01   9.5891e-02   1.0652e-01   6.8253e-02   3.3253e-02  -8.7647e-03   4.7246e-02
   1.4034e-01   9.2996e-02   1.3523e-01   1.3261e-01   8.8451e-02   1.2133e-01   1.1401e-01   1.1796e-01   7.9148e-02   1.3052e-01
   1.1797e-01   4.7595e-02   7.2321e-02   7.5807e-02   2.9802e-02   9.5365e-02   1.3736e-01   1.5788e-01   1.1844e-01   1.8607e-01
   9.4822e-02   1.8988e-02   6.5704e-02   9.3491e-02   4.9883e-02   7.3612e-02   1.2131e-01   1.7786e-01   1.4221e-01   2.1147e-01
   1.1064e-01   5.2835e-02   1.2643e-01   8.8360e-02   6.9694e-02   8.5628e-02   1.1469e-01   1.3325e-01   9.7797e-02   1.6836e-01
   9.9417e-02   4.9780e-02   8.1388e-02   1.5768e-02   4.8841e-02   5.6936e-02   9.2949e-02   1.0304e-01   9.1185e-02   1.5469e-01
   8.5196e-02   3.1525e-02   6.6716e-02  -3.0267e-02  -2.2020e-02  -5.7414e-03   2.1146e-02   5.2158e-02   6.9242e-02   1.4748e-01
   9.8658e-03  -3.4561e-02   5.3190e-02  -4.6887e-03   2.1163e-02   4.9063e-02   8.0344e-02   1.0638e-01   1.1126e-01   1.4567e-01
   8.2116e-03  -1.9957e-03   4.9955e-02  -3.3869e-02   5.6510e-03   4.1428e-02   7.9969e-02   7.6784e-02   8.9286e-02   1.1144e-01
   3.2816e-04  -2.1348e-02   3.6906e-02  -9.5582e-02  -6.0316e-02  -2.0492e-03   4.8581e-02   5.0524e-02   4.9198e-02   7.6072e-02
  -5.7835e-02  -7.3763e-02   7.9009e-03  -1.0703e-01  -5.5971e-02  -5.0906e-02   1.4731e-02   1.1014e-02   4.4135e-02   9.1163e-02
  -1.2128e-01  -8.8155e-02   8.8090e-03  -8.5604e-02  -2.3428e-02   2.7070e-03   6.5019e-02   5.4327e-02   1.1730e-01   1.6376e-01
  -1.1449e-01  -6.1068e-02   5.8183e-02  -2.5913e-02   3.0132e-02   7.4463e-02   1.2390e-01   1.2275e-01   1.8475e-01   2.1006e-01
  -1.9119e-01  -1.3002e-01   7.1493e-03  -1.0092e-01  -6.7063e-02   1.0663e-02   9.8887e-02   6.8088e-02   1.2458e-01   1.5976e-01
  -1.3848e-01  -1.0351e-01   3.3299e-02  -7.9589e-02  -5.3454e-02  -3.6923e-02   8.0256e-02   9.9859e-02   1.4910e-01   1.8103e-01
  -1.3077e-01  -9.6364e-02   3.4579e-02  -6.2916e-02  -3.3668e-02  -5.2091e-02   4.8986e-02   7.9983e-02   1.5195e-01   1.6737e-01
  -4.6390e-02  -2.6493e-02   1.0188e-01   2.0974e-02   5.9698e-02   3.7545e-02   1.4351e-01   1.3826e-01   1.9277e-01   1.8388e-01
   5.7954e-02   1.0234e-01   2.3352e-01   1.3589e-01   1.5665e-01   1.3651e-01   2.5926e-01   2.7523e-01   2.7130e-01   2.6565e-01
   4.6358e-02   1.1069e-01   1.9495e-01   7.5258e-02   1.0414e-01   9.8650e-02   2.4345e-01   2.7979e-01   2.4707e-01   2.7124e-01
   6.0223e-02   9.8694e-02   1.7390e-01   6.8014e-02   8.5424e-02   7.2070e-02   1.7847e-01   2.0030e-01   1.6787e-01   2.1730e-01
   6.1989e-02   1.0775e-01   1.5269e-01   7.3479e-02   1.1015e-01   9.5036e-02   2.2349e-01   2.7778e-01   2.3183e-01   2.7433e-01
   3.1081e-02   8.3668e-02   1.1675e-01   2.9414e-02   9.9601e-02   9.0471e-02   2.0914e-01   2.7996e-01   2.0063e-01   2.2237e-01
  -3.5345e-03   7.3067e-02   1.1416e-01   4.1250e-02   9.5523e-02   1.0726e-01   2.4858e-01   3.1061e-01   2.5645e-01   2.5187e-01
   6.0947e-02   1.3096e-01   2.0413e-01   1.4213e-01   1.8314e-01   1.6100e-01   2.6746e-01   3.3859e-01   2.7338e-01   2.7219e-01
   4.6296e-02   1.0564e-01   1.5489e-01   1.0957e-01   1.0583e-01   8.3377e-02   1.8381e-01   2.3637e-01   1.5267e-01   1.2221e-01
  -2.6579e-02   4.9670e-02   8.6870e-02   4.5028e-02   2.8506e-02   3.6157e-02   1.0194e-01   1.2036e-01   6.7550e-02   4.2663e-02
  -4.8124e-02   1.9819e-02   8.0074e-02   4.9170e-02   2.8565e-02   2.2031e-02   8.1874e-02   1.0771e-01   7.1921e-02   8.5376e-02
  -1.1368e-01  -6.5482e-02  -5.5290e-03  -3.9603e-02  -8.1252e-02  -5.9064e-02   6.5288e-03   3.0098e-02  -1.9007e-02  -1.4997e-02
  -8.5766e-02  -4.2910e-02   7.7767e-03  -6.3620e-02  -9.6441e-02  -3.1091e-02   1.2133e-02   2.9188e-02   3.0803e-03  -1.9845e-02
  -8.5061e-02  -6.0136e-02  -1.9532e-02  -1.2213e-02  -2.1218e-02   7.6990e-04   3.0458e-02   3.2541e-02  -2.2682e-02  -8.4759e-02
  -1.3824e-01  -1.4959e-01  -1.3039e-01  -1.6227e-01  -1.8183e-01  -1.3735e-01  -1.2029e-01  -1.4282e-01  -1.6922e-01  -2.4739e-01
  -2.1603e-01  -2.3456e-01  -2.1023e-01  -1.9730e-01  -2.2254e-01  -1.6045e-01  -1.2658e-01  -1.1581e-01  -1.5604e-01  -2.3905e-01
  -1.9305e-01  -2.0360e-01  -1.9298e-01  -1.7805e-01  -1.8198e-01  -1.1599e-01  -1.0474e-01  -1.0623e-01  -1.1345e-01  -1.4982e-01
  -1.7123e-01  -1.6626e-01  -1.4607e-01  -9.1303e-02  -1.1622e-01  -9.2404e-02  -7.2810e-02  -1.0335e-01  -1.1879e-01  -1.4297e-01
  -1.1618e-01  -1.4126e-01  -1.3929e-01  -8.5133e-02  -8.6235e-02  -2.0768e-02  -7.0397e-03  -9.6781e-02  -1.1904e-01  -1.3453e-01
  -1.3824e-01  -1.4604e-01  -1.3652e-01  -8.8463e-02  -9.1594e-02  -3.0467e-02  -1.9128e-02  -1.4493e-01  -1.6813e-01  -1.6770e-01
  -9.8571e-02  -1.4812e-01  -1.2992e-01  -8.7428e-02  -9.6516e-02  -4.9295e-02  -6.2785e-03  -1.4203e-01  -1.5419e-01  -1.3046e-01
  -2.0383e-01  -2.9870e-01  -2.7124e-01  -2.5000e-01  -2.3470e-01  -1.9634e-01  -1.1982e-01  -2.1141e-01  -2.1018e-01  -2.1133e-01
  -1.3126e-01  -2.0030e-01  -2.1116e-01  -2.0872e-01  -2.0799e-01  -1.5310e-01  -1.2089e-01  -1.9220e-01  -1.8387e-01  -1.7609e-01
  -6.3684e-02  -1.2693e-01  -1.6187e-01  -1.6287e-01  -2.1212e-01  -2.1310e-01  -1.7422e-01  -2.1872e-01  -2.1090e-01  -1.7156e-01
  -8.0149e-02  -1.0824e-01  -1.3330e-01  -9.1137e-02  -1.1498e-01  -1.3461e-01  -9.1739e-02  -1.5026e-01  -1.6224e-01  -1.4399e-01

   Columns 21 through 30:

   1.1840e-01   1.1481e-01   1.2673e-01   1.3476e-01   9.8001e-02   8.6497e-02   6.7689e-02   6.2453e-02   6.7151e-02   5.7553e-02
   2.2493e-01   1.9309e-01   2.1778e-01   2.2332e-01   1.7727e-01   1.1239e-01   5.1229e-02   4.7964e-03  -2.3227e-02  -3.7268e-02
   3.1166e-01   2.5356e-01   2.7351e-01   2.9836e-01   2.1880e-01   1.3709e-01   9.0655e-02   5.5617e-02   1.5089e-02  -2.7360e-02
   4.0973e-01   3.4273e-01   3.4601e-01   3.4654e-01   2.8371e-01   2.1228e-01   2.0257e-01   1.8567e-01   1.1406e-01   5.1447e-02
   4.6399e-01   4.2245e-01   4.0060e-01   4.1651e-01   3.6080e-01   2.9646e-01   3.0230e-01   2.7384e-01   2.1523e-01   1.6949e-01
   4.9554e-01   4.6709e-01   4.6361e-01   4.9052e-01   4.6684e-01   4.0318e-01   3.6941e-01   3.5516e-01   2.7157e-01   2.2841e-01
   7.4796e-01   7.0952e-01   6.4314e-01   6.5082e-01   6.2507e-01   5.2079e-01   4.2065e-01   3.6957e-01   2.5700e-01   1.7698e-01
   9.9815e-01   8.9651e-01   8.0695e-01   7.9946e-01   7.5319e-01   6.4494e-01   5.7412e-01   4.8068e-01   3.8929e-01   3.1141e-01
   1.2129e+00   1.0831e+00   9.9012e-01   9.8800e-01   8.8734e-01   7.8994e-01   7.5699e-01   6.6277e-01   5.8099e-01   4.7673e-01
   1.4198e+00   1.2861e+00   1.1741e+00   1.1258e+00   1.0024e+00   8.9768e-01   8.6431e-01   8.3089e-01   7.3999e-01   6.0564e-01
   1.6710e+00   1.5335e+00   1.3827e+00   1.3219e+00   1.1489e+00   1.0213e+00   9.8828e-01   9.5553e-01   8.1003e-01   6.5992e-01
   1.9619e+00   1.8200e+00   1.6370e+00   1.5501e+00   1.3458e+00   1.1676e+00   1.1350e+00   1.1093e+00   9.0590e-01   7.0620e-01
   2.1809e+00   1.9883e+00   1.7910e+00   1.7182e+00   1.5116e+00   1.3216e+00   1.2956e+00   1.2551e+00   1.0532e+00   8.5334e-01
   2.4726e+00   2.2270e+00   2.0184e+00   1.9038e+00   1.6548e+00   1.4835e+00   1.3990e+00   1.3670e+00   1.1632e+00   9.1740e-01
   2.7832e+00   2.5028e+00   2.2311e+00   2.0502e+00   1.8136e+00   1.6373e+00   1.5015e+00   1.4413e+00   1.2975e+00   1.0665e+00
   3.2031e+00   2.9042e+00   2.5671e+00   2.3703e+00   2.1002e+00   1.9073e+00   1.6985e+00   1.6613e+00   1.4568e+00   1.2361e+00
   3.5153e+00   3.1988e+00   2.8171e+00   2.5812e+00   2.2751e+00   2.0709e+00   1.8462e+00   1.8145e+00   1.6339e+00   1.3908e+00
   3.8515e+00   3.4776e+00   3.0583e+00   2.8088e+00   2.4388e+00   2.2271e+00   1.9947e+00   1.9319e+00   1.7709e+00   1.5498e+00
   4.2884e+00   3.9062e+00   3.4269e+00   3.1244e+00   2.7248e+00   2.4990e+00   2.2355e+00   2.1274e+00   1.9376e+00   1.6912e+00
   4.8404e+00   4.4480e+00   3.8865e+00   3.5077e+00   3.0865e+00   2.8164e+00   2.5016e+00   2.3449e+00   2.1418e+00   1.8565e+00
   5.3788e+00   4.8834e+00   4.2953e+00   3.8432e+00   3.3874e+00   3.0764e+00   2.7331e+00   2.5288e+00   2.3044e+00   2.0165e+00
   4.8834e+00   5.4819e+00   4.8431e+00   4.3575e+00   3.8493e+00   3.4574e+00   3.0744e+00   2.8403e+00   2.5996e+00   2.2683e+00
   4.2953e+00   4.8431e+00   5.2580e+00   4.7360e+00   4.1890e+00   3.7896e+00   3.3511e+00   3.0846e+00   2.7775e+00   2.4132e+00
   3.8432e+00   4.3575e+00   4.7360e+00   5.2362e+00   4.6005e+00   4.1591e+00   3.7100e+00   3.3923e+00   3.0516e+00   2.6674e+00
   3.3874e+00   3.8493e+00   4.1890e+00   4.6005e+00   5.0692e+00   4.5817e+00   4.1106e+00   3.7382e+00   3.3432e+00   2.9335e+00
   3.0764e+00   3.4574e+00   3.7896e+00   4.1591e+00   4.5817e+00   5.1168e+00   4.6048e+00   4.1339e+00   3.7170e+00   3.2644e+00
   2.7331e+00   3.0744e+00   3.3511e+00   3.7100e+00   4.1106e+00   4.6048e+00   5.0865e+00   4.5807e+00   4.1211e+00   3.6314e+00
   2.5288e+00   2.8403e+00   3.0846e+00   3.3923e+00   3.7382e+00   4.1339e+00   4.5807e+00   5.1902e+00   4.6140e+00   4.0783e+00
   2.3044e+00   2.5996e+00   2.7775e+00   3.0516e+00   3.3432e+00   3.7170e+00   4.1211e+00   4.6140e+00   5.0861e+00   4.4673e+00
   2.0165e+00   2.2683e+00   2.4132e+00   2.6674e+00   2.9335e+00   3.2644e+00   3.6314e+00   4.0783e+00   4.4673e+00   4.8940e+00
   1.7656e+00   2.0006e+00   2.1147e+00   2.3501e+00   2.6178e+00   2.9179e+00   3.2967e+00   3.6665e+00   4.0560e+00   4.4202e+00
   1.5826e+00   1.7883e+00   1.8904e+00   2.1006e+00   2.3760e+00   2.6268e+00   2.9507e+00   3.2921e+00   3.6280e+00   3.9831e+00
   1.4276e+00   1.6097e+00   1.6634e+00   1.8373e+00   2.0686e+00   2.2864e+00   2.5823e+00   2.9074e+00   3.2555e+00   3.5868e+00
   1.2601e+00   1.4071e+00   1.4483e+00   1.5688e+00   1.7903e+00   1.9562e+00   2.2169e+00   2.5515e+00   2.8596e+00   3.1799e+00
   1.0235e+00   1.1682e+00   1.2240e+00   1.3621e+00   1.5911e+00   1.7474e+00   2.0159e+00   2.2986e+00   2.6056e+00   2.9310e+00
   8.2807e-01   9.2166e-01   9.8247e-01   1.1471e+00   1.3317e+00   1.4963e+00   1.7668e+00   2.0212e+00   2.3069e+00   2.5991e+00
   7.2473e-01   7.9270e-01   8.4786e-01   1.0153e+00   1.2069e+00   1.3414e+00   1.5836e+00   1.8263e+00   2.0705e+00   2.3353e+00
   6.1990e-01   6.7482e-01   7.3947e-01   8.7868e-01   1.0278e+00   1.1550e+00   1.3509e+00   1.6058e+00   1.8296e+00   2.0605e+00
   6.1090e-01   6.5540e-01   6.8881e-01   7.8322e-01   8.9219e-01   9.7709e-01   1.1607e+00   1.4016e+00   1.6249e+00   1.8381e+00
   6.1269e-01   6.4839e-01   6.4874e-01   7.4798e-01   8.5543e-01   9.3684e-01   1.0790e+00   1.3005e+00   1.5189e+00   1.6966e+00
   5.4708e-01   6.0405e-01   5.7743e-01   6.5834e-01   7.6535e-01   8.4889e-01   9.5229e-01   1.1271e+00   1.3060e+00   1.4815e+00
   4.6035e-01   5.1179e-01   4.7055e-01   5.4260e-01   6.5286e-01   7.4701e-01   8.5361e-01   1.0057e+00   1.1771e+00   1.3249e+00
   3.8951e-01   4.4733e-01   4.2692e-01   4.7261e-01   6.1479e-01   7.0846e-01   8.1648e-01   9.9006e-01   1.1575e+00   1.2795e+00
   3.8164e-01   4.2115e-01   4.2050e-01   4.6395e-01   6.1817e-01   6.9816e-01   7.9637e-01   9.2240e-01   1.0842e+00   1.1883e+00
   4.0895e-01   4.3193e-01   4.4673e-01   4.8282e-01   6.1283e-01   7.0600e-01   7.9159e-01   8.6588e-01   1.0067e+00   1.1175e+00
   3.2281e-01   3.6379e-01   3.7871e-01   4.1503e-01   4.9832e-01   5.7261e-01   6.5386e-01   7.4573e-01   8.7259e-01   9.2536e-01
   2.1523e-01   2.5730e-01   2.6303e-01   2.8475e-01   3.8573e-01   4.4968e-01   4.8746e-01   6.0793e-01   7.0964e-01   7.6046e-01
   1.9905e-01   2.3413e-01   2.5438e-01   2.7516e-01   3.6402e-01   4.3059e-01   4.6504e-01   5.7118e-01   6.5622e-01   7.1736e-01
